function Fr = lwr4_friction(dq)
   Fr(1) = 0.183379012548875*atan(100.0*dq(1));
   Fr(2) = 0.173198345026047*atan(100.0*dq(2));
   Fr(3) = 0.27004148667018*atan(100.0*dq(3));
   Fr(4) = 0.203723283726169*atan(100.0*dq(4));
   Fr(5) = 0.128735665726732*atan(100.0*dq(5));
   Fr(6) = 0.0210453117134514*atan(100.0*dq(6));
   Fr(7) = 0.0826258245130735*atan(100.0*dq(7));
   Fr=Fr';